6
18
21
30
32
33
82
111
122
123
156
158
211
302
310
313
316
343
370
372
377
400
401
402
405
421
453
506
510
537
552
553
553
607
610
616
618
627
629
635
728
730
737
757
764
771
793
866
885
901
952
1014
1040
1059
1113
1117
1146
1147
1170
1173
1176
1178
1183
1197
1203
1205
1235
1237
1240
1243
1251
1276
1276
1378
1408
1420
1429
1443
1446
1454
1458
1475
1479
1480
1523
1524
1525
1619
1639
1655
1674
1675
1707
1742
1757
1884
1908
1927
1988
2052
2054
2063
2142
2167
2198
2218
2226
2277
2278
2279
2284
2285
2299
2317
2334
2356
2361
2386
2390
2399
2400
2404
2412
2436
2464
2465
2471
2478
2515
2520
2542
2568
2589
2652
2653
2696
2700
2702
2703
2705
2707
2757
2760
2837
2846
2847
2871
2879
2886
2901
2932
2953
2995
2999
3000
3004
3046
3063
3097
3123
3129
3167
3170
3176
3181
3291
3295
3317
3328
3342
3345
3382
3388
3401
3401
3460
3461
3472
3480
3484
3494
3498
3505
